16x4x16x1
0 0 0 0
0 0 0 1
0 0 1 0
0 0 1 1
0 1 0 0
0 1 0 1
0 1 1 0
0 1 1 1
1 0 0 0
1 0 0 1
1 0 1 0
1 0 1 1
1 1 0 0
1 1 0 1
1 1 1 0
1 1 1 1
0
0
0
1
0
1
0
1
0
1
0
1
0
1
0
1
-0.855076138712861 0.0951529478607686 8.21209920471501
-0.854949006982419 0.0953167437208122 8.20903209812121
1.94899318755632 0.49560912395623 0.893188683266374
2.09135581171499 0.704172642763784 0.919682779311986
-2.9630327888135
0.129176782969933
0.483822822330437
0.487981960870317
0.628345257895228
0.580348639553575
0.419883459536304
0.685276924951597
0.914800209419243
0.733688825151738
0.1179410974113
0.106567699977461
0.450560186733753
