25x5
0.487823 -0.3610611 0.1721711 -1.043846 0.4536728
0.8332908 -0.1130936 0.05175905 0.7203703 -0.4490044
0.6925505 0.2620545 -0.001729132 0.5851553 0.1068446
0.5812294 0.4077584 0.4309241 -0.5511399 0.224074
0.1648216 0.6538316 0.2050054 -0.4779897 -0.09964983
-0.321037 -0.802429 0.5209093 -0.1292364 0.1531242
-0.5764303 0.5354818 0.4682338 0.4566619 -0.01211803
0.5952126 -0.2326145 -0.7607027 -0.3082115 -0.08887855
-0.191245 1.02429 -0.9221526 0.1729692 0.2728675
-0.1926923 -0.7957539 0.1703227 0.2018002 0.2052637
-0.571393 0.3482602 0.2635879 0.2219465 0.1455301
0.8177186 0.05340631 -0.1814234 -0.4764239 0.03344455
-0.03413973 0.6146542 -1.071597 -0.3631041 -0.1016428
-0.3768744 -0.474186 -0.3002053 -0.5997941 0.8833321
-0.1525833 -0.1937207 0.9777199 0.8125991 -0.9005669
-0.4825656 0.5710858 -0.5994152 0.02078615 -0.3340206
0.003955846 -0.4611494 -0.1622371 0.1690004 -0.365454
0.1004598 -0.4376409 -0.5519964 -0.4235096 0.6836905
-0.2822433 -0.4100239 0.6316792 0.6080591 -0.3677153
0.7843056 0.2270346 0.5820108 0.05982399 -0.1274021
-0.304734 0.5022047 -0.2933208 -0.1935486 0.2127552
-0.5963029 0.5198513 0.3311811 -0.6815332 0.2029637
-0.1786133 -0.5623215 -0.5512012 -0.0906091 0.799049
0.5843582 -0.2043111 -0.3738163 0.2293725 0.2396027
0.06200283 -0.5638098 0.1372243 -0.692524 0.5485168
25x26
0.4016733 -0.4889043 0.1332267 -0.139291 -0.1195078 -0.3152462 0.408314 -0.01967641 0.5159968 -0.03632275 0.3256024 -0.5397487 0.4067931 -0.3266656 -0.3838342 0.5306711 -0.2562446 0.2570233 -0.2578997 0.07875074 -0.3578985 0.5195558 -0.06444125 -0.2480005 -0.3737793 0.1317158
0.05249628 -0.7813956 0.1408495 0.1975241 0.03823385 -0.1815757 -0.5200102 0.5387672 0.1096102 -0.3783588 -0.549723 0.08230277 0.7061078 0.430033 -0.6766948 0.622124 0.1935247 0.5718721 -0.4315904 -0.36373 0.07919841 0.178215 0.2618866 0.06785813 0.5540088 -0.3085429
-0.7741514 0.06811321 -0.1125833 -0.5698294 0.1422295 -0.1696442 -0.3717005 0.3602175 0.6763926 0.3328688 0.1400519 -0.5411042 0.5232293 -0.0257174 0.41562 0.6029127 0.01308515 -0.4578583 0.4638148 0.22717 0.3818324 0.3024271 -0.03048683 -0.5701709 -0.4681425 -0.08180599
-0.1156912 0.1018984 -0.3859524 0.3465226 -0.07480269 -0.2386731 0.2449089 -0.2374304 -0.4195413 0.008961469 -0.04205699 0.07718743 0.0521079 0.4577225 -0.4874243 -0.1982259 0.1447037 -0.07233753 -0.2122318 -0.004474143 0.4478399 0.3417169 0.1234104 -0.04077676 0.5947598 0.2185118
0.5384644 -0.579469 0.1882902 0.03414845 -0.3083969 0.04805435 0.4821338 -0.3138256 -0.4882565 0.08320083 0.1778751 -0.3182336 0.003619209 0.1512878 -0.3042438 0.1704798 -0.2156607 0.07582922 -0.06826672 0.525856 0.117615 -0.2001403 0.2496997 -0.03577093 0.5490071 -0.02646337
0.2775058 0.03197504 0.1854178 0.02191329 -0.1262046 0.09435397 0.2749028 0.2901519 -0.03892521 0.3224735 0.198333 0.1143956 -0.3239155 -0.3643524 0.09085322 -0.269264 0.03902086 0.3292705 0.1147961 0.09174817 0.3568643 0.5530579 -0.3289085 -0.4109276 -0.1530237 -0.4557964
-0.4136189 -0.4880733 0.5675043 0.2239098 0.1146914 -0.6232272 -0.02320879 0.4948299 0.4193997 -0.3616619 0.00941168 0.2326983 -0.3717732 -0.4239687 -0.3340047 0.02774269 -0.5881396 0.06655782 -0.5980539 0.1952618 -0.1398849 0.006414732 -0.1596918 -0.1371841 0.1063007 0.3566064
0.5438451 -0.1821621 -0.1093644 0.6192234 0.1822212 0.09181619 -0.3214706 -0.3229325 -0.09186777 0.2692255 0.4541284 0.3320757 -0.2203934 0.03922356 -0.1966729 -0.370772 -0.1224136 -0.4029028 0.2459193 0.5010175 0.1891014 0.1622496 -0.3082031 -0.2637343 0.3340563 0.1713784
-0.3991825 0.3364718 0.3924458 0.2054178 -0.03626681 0.2700525 0.3979276 0.319555 -0.4870283 -0.212791 0.001229512 0.2407125 0.5427177 0.3967981 0.03677853 0.260568 0.223421 -0.01248012 0.1387474 -0.2441207 -0.3750164 -0.1990974 0.04150089 0.5479642 0.3259762 -0.2407566
0.2585432 0.5101901 -0.1863657 0.3418822 -0.1499721 -0.5462368 -0.4938144 0.4581455 0.02303768 -0.1960972 -0.06120595 0.3073115 -0.2716307 -0.4562548 0.4972465 0.01478728 -0.1808307 -0.5461729 0.1639665 0.5547129 -0.1496357 0.3052592 -0.4846407 0.352784 0.09134747 0.4394951
0.3652977 0.1718807 0.01076513 0.4557242 -0.07270573 0.3427459 0.283644 -0.1597494 0.4785117 -0.4064676 0.0591191 0.1793581 -0.4455271 0.03568599 0.1161221 -0.6260148 -0.03762303 -0.237414 -0.1649441 -0.3018582 -0.2331667 0.1056396 -0.4055682 -0.1690974 0.5265037 0.07169583
-0.2068099 -0.1509677 0.5574291 0.5477954 0.2360283 -0.3667273 0.4275657 -0.3205618 -0.01116974 -0.1872818 -0.002183217 0.1412652 -0.3933269 -0.08211466 0.4965955 0.2476231 -0.250888 0.1820814 -0.2710651 0.590583 0.3724813 -0.3618508 -0.5976244 -0.1677417 -0.5259492 -0.3928024
0.05854024 0.3744315 -0.001025792 -0.3023033 0.1030919 -0.5364277 0.2308237 0.3141888 -0.1430665 0.1752829 -0.1224353 -0.294247 0.02623513 -0.2785631 0.4979763 0.2587675 0.5438616 -0.326307 0.0815011 0.3756197 -0.6267031 -0.1615455 -0.3892697 -0.04791954 -0.4298265 -0.5367493
-0.4060532 -0.4754489 -0.1438368 -0.3659333 -0.259007 0.02801666 0.4711504 -0.2696593 0.18435 -0.5782148 0.461165 -0.477837 0.1160829 -0.1337238 0.7703124 -0.07046844 -0.2844199 -0.6951057 -0.01675923 -0.3769805 -0.09597857 0.4162255 -0.5798522 -0.4315474 -0.4615669 0.1947115
0.2005986 -0.26117 -0.5536161 -0.6521734 -0.2134103 -0.1812763 -0.4233966 -0.1334684 0.2167602 0.1741415 -0.1779253 -0.289455 -0.00600873 0.5077087 -0.1347185 -0.4784912 0.43332 0.3483859 -0.4034071 0.08173017 0.009456838 -0.3703538 0.5354857 0.2092108 -0.02179218 -0.2682377
0.5739735 0.5998107 0.4943147 -0.02185791 -0.5107418 -0.02697362 -0.68414 0.2732796 0.1216222 0.01847162 -0.3603945 0.3420706 0.3915293 -0.1409508 -0.6106852 -0.09617646 0.2970808 0.07126367 -0.5926632 0.5994342 -0.1452183 -0.2029578 0.3541017 -0.06790394 0.3859807 -0.3687911
-0.4245246 -0.08282262 -0.3866886 0.02958722 -0.1265317 -0.07015457 0.1137047 -0.2280463 -0.274363 -0.2167286 -0.07197993 -0.3189838 -0.06807046 0.4629878 -0.1775413 -0.2234315 0.5412878 0.4551785 0.05267311 -0.249136 -0.3882338 0.03597863 0.1131956 -0.3743391 -0.001524161 -0.1875875
-0.01141693 0.2245203 0.3550933 -0.1485882 -0.4727528 0.2752517 0.1236048 0.3537508 -0.4579148 0.3324803 -0.3532371 -0.3746817 -0.8614929 -0.5300838 0.814895 -0.4440088 -0.1529349 0.2432979 0.7392913 0.2072376 -0.6829455 -0.5551729 0.03205422 -0.2711229 -0.01709071 0.4011274
0.2923559 0.1478732 -0.3300648 0.1845872 0.5325003 -0.6376617 -0.3819632 0.4553238 0.5073731 -0.4848149 -0.05547408 0.4998967 -0.2994759 0.3898078 -0.1367252 -0.1090885 0.1674739 0.2175367 -0.5623367 0.2825039 0.4743593 -0.04941444 -0.123562 0.4098957 -0.216689 0.3519651
-0.4614545 0.4809861 -0.1160829 0.02397694 0.3350858 0.05264149 0.4080981 -0.4548037 0.3011273 -0.4577481 0.3453669 0.118188 0.2293891 -0.5694507 -0.2021734 -0.4050108 -0.1019079 0.02972629 0.466178 -0.1217546 0.1367571 -0.4845879 -0.5493479 -0.002231068 -0.282314 0.353043
-0.6577546 0.6535659 0.710114 -0.209499 -0.3626439 -0.3710347 -0.1527568 -0.2755206 0.7092924 -0.3234672 0.09059267 -0.3036694 -0.02657067 0.03686795 -0.3743349 -0.4510879 -0.3398885 -0.1850302 0.2353174 -0.3846012 0.4540789 -0.7052371 0.03774306 0.5445474 -0.6713887 0.363692
0.4576274 0.2449823 -0.5225564 -0.3376403 0.3571755 0.4012221 -0.3510729 0.335895 0.09824574 0.3780104 -0.3030862 -0.02278939 0.5339613 0.2131986 -0.2114034 0.2256855 -0.3584387 0.6386551 -0.1226782 -0.4523161 -0.121625 -0.2050862 -0.07774178 0.02988843 0.5890692 0.2482269
0.03996411 -0.09418816 0.412596 -0.4904357 -0.2036409 -0.3450919 -0.3497314 -0.1043542 -0.00795925 -0.1797091 -0.4920923 0.1088475 -0.4628564 0.0540885 0.7893004 -0.119676 -0.1966072 -0.3473362 0.6205919 0.1987769 -0.2430717 -0.1851183 -0.04073812 -0.1630159 0.2683604 -0.01271022
-0.3694723 0.6177124 -0.1431026 0.1104624 0.2912605 0.1043013 -0.2568035 -0.3743096 -0.3864147 0.4476113 0.4333033 -0.1320874 -0.09689067 -0.706795 0.2226198 -0.02468602 0.5630536 -0.5022309 0.3341049 -0.03547213 -0.004097045 0.1521118 -0.4981474 0.3352741 0.2252436 -0.7814499
0.194149 -0.3226389 -0.2390222 0.0355774 0.3475507 0.06799151 -0.3207036 0.02942643 0.04793829 -0.2089699 -0.4125241 0.3203267 -0.1143155 0.04502494 0.0685564 -0.4726596 -0.01575146 -0.4457535 0.120987 0.1637292 0.1060685 0.3730071 -0.11355 0.3218277 -0.08986163 -0.2073869
4x26
0.4425282 -0.05533182 1.133974 0.2959593 0.3134497 0.2757944 0.4972243 0.3341843 0.1798224 1.063408 0.4145325 0.4239188 -0.6924992 -1.235174 -0.3474841 1.256637 -0.1686112 0.5203889 -0.7258357 -0.01600936 0.4987929 -0.05763387 0.1668136 -0.1548128 -0.1839899 -0.1778222
-0.3816311 0.1222326 -0.585137 0.4027991 0.7148972 -0.1237387 -0.7836567 0.05313323 0.6327321 0.1115007 -0.07806199 0.7799529 -0.1806991 0.1811687 -0.8327429 0.482955 -0.1173812 -1.480105 -0.7520978 0.7763621 0.5952035 -0.6861226 -0.6178758 -0.2052531 -0.2655451 0.1608421
-0.08731491 -1.661104 -0.08824667 0.2687507 0.1357086 -0.2286683 0.1532611 -0.6787829 -0.05748292 0.08448625 -0.2900016 -0.1910312 -0.6979747 0.04483121 0.04143986 0.3999781 -0.2432447 0.2808736 0.1744189 0.2970131 -0.8595612 -0.7300349 -0.4275811 -1.169874 0.04493212 0.01667035
0.215117 0.06599876 -0.4917056 0.6177826 0.6010973 0.2326608 0.1295418 0.07446631 -0.6077912 0.1440491 0.475969 -0.2690344 -0.6151043 -0.3500518 0.0319034 -0.4150416 -0.3602779 -0.1659847 0.0006822059 -0.1748649 -0.2430892 0.1429809 -0.249078 -0.2478387 0.5497255 0.3867796
