25x3
0.372317 -0.5651073 0.1993663
0.1918272 0.3794901 -0.3215576
0.0730645 -0.34006 0.275337
-0.3740532 -0.05387461 -0.3595715
-0.2281064 0.3672445 -0.3369424
0.272312 0.2532135 0.2790801
-0.4857662 0.2264957 -0.06923772
-0.4576232 -0.04259901 0.1410504
0.6282095 0.5655644 -0.05837438
0.367205 -0.2429457 0.4001431
-0.04778378 -0.4788021 -0.04372165
-0.07271807 -0.09276888 0.2184421
-0.03644282 -0.1755359 0.4244727
0.3699527 0.1312188 0.4084814
0.4358371 -0.07424417 -0.04611932
0.4069791 0.424581 -0.4662634
-0.3983985 -0.01352907 -0.04558176
-0.3074027 -0.5934846 -0.2114285
-0.004960096 0.3419046 -0.006231509
-0.340699 0.2829559 -0.4599856
0.3053854 0.5233755 -0.2756432
0.524926 0.228201 -0.06531061
0.3296617 0.4476632 -0.03480827
-0.04423606 -0.2824226 -0.3329987
0.4313824 -0.3010411 -0.2695632
25x26
0.04185725 -0.336875 -0.3946061 -0.323175 -0.4196145 0.4662475 -0.05188926 0.1366748 -0.06695141 -0.09337316 -0.3106778 -0.4364474 -0.2804246 -0.4867682 0.1375161 -0.2202193 -0.07416403 0.2695042 0.4095491 -0.3173415 0.2385368 0.2645542 0.492001 0.2524498 -0.4899565 -0.3251294
-0.4139273 0.08124828 0.2558689 -0.02287785 -0.1931226 -0.04046551 0.3585291 -0.5129097 0.4746696 0.1695397 -0.1256957 0.4264243 0.0911743 -0.4449126 -0.2431642 -0.2550671 0.2004627 0.005083979 -0.01672015 -0.1302001 0.04084212 0.3200433 0.3539897 -0.4014727 0.2285538 -0.1053802
0.4669657 0.4785222 -0.04831382 0.2752558 -0.3357132 -0.1497431 -0.3350632 0.4058019 0.3593543 0.3898669 0.3813067 0.4506721 -0.393274 0.232219 -0.3022854 -0.2924956 -0.4124001 0.4827402 0.3834519 -0.003251616 -0.3437991 0.3666666 0.423703 0.03658918 -0.4386116 -0.0427909
-0.2262716 0.1407837 0.1656364 -0.2044348 0.2360269 0.1556356 0.2627572 0.4062936 -0.003626539 0.3777505 0.04803576 -0.3351212 0.001187263 -0.4575893 0.2673324 0.2012429 -0.341781 -0.1538695 -0.1499185 0.2594407 -0.06428954 0.2372573 -0.3178947 -0.210876 0.2091339 0.3625529
-0.291117 -0.2233019 -0.2910968 -0.4547692 -0.4338907 0.4628929 0.1950172 0.167643 -0.3243787 0.03292076 -0.3131704 0.07440311 -0.3440998 -0.2304049 -0.2840317 -0.2409362 -0.2695934 -0.2485825 0.195928 0.4011092 0.02442211 0.416507 0.2950966 -0.06950115 0.214828 0.111359
-0.3155331 -0.2128859 -0.4605363 0.0587817 -0.0401624 -0.1387403 0.09630384 0.3845398 -0.09658175 0.0306463 0.2016401 -0.1016505 0.3244917 0.1217999 -0.05331592 0.2833072 0.4617421 -0.249795 -0.04861461 0.09299706 -0.3107401 -0.3911157 0.0598603 -0.2577991 -0.02899113 0.3391705
0.1313961 0.2918808 -0.1095361 -0.1345945 -5.139754E-05 0.2487103 -0.1303907 -0.02870293 0.242961 -0.08479343 0.1640691 0.03388639 -0.4294215 0.3642965 0.4843084 -0.2192365 0.2943622 0.148493 0.007116703 0.3573946 -0.0008754344 -0.4688661 -0.03141443 0.1672784 0.3996924 0.003310801
-0.4906698 -0.3535033 -0.1300515 -0.4521304 0.2295844 0.3190542 -0.4291578 0.09595853 0.2752691 0.2989602 -0.03073361 -0.4449125 -0.469918 0.4581691 -0.4593253 -0.1188082 0.3863238 -0.4837063 -0.3586041 -0.08129811 -0.313243 0.1213038 0.1273853 0.4113908 -0.1678128 0.4230255
0.2278204 0.1102448 -0.1462021 0.1044622 -0.1771741 0.2196394 -0.03414938 -0.4999292 0.2283258 -0.254865 -0.4021654 0.1790098 0.1922105 0.3589918 -0.04346666 -0.04345546 -0.3801799 -0.3161438 0.2915381 0.2381361 0.1181576 0.05961335 0.3288796 -0.3539723 -0.3659219 -0.07596807
0.07632349 -0.08534979 -0.1388769 -0.03660062 -0.006957803 -0.1017258 0.2411493 0.3429137 -0.5448195 -0.02739692 -0.1739017 -0.3599857 -0.02004275 0.2068093 0.05951659 -0.5528598 -0.2548999 0.3819694 -0.2916374 -0.2710953 -0.23656 -0.3081022 0.378049 0.263015 -0.01584994 -0.1140939
-0.3453392 0.06070112 -0.1773507 -0.3385007 0.2571701 -0.2926054 -0.03422541 0.4105398 -0.3519078 0.5077711 0.1816163 -0.1778795 0.2367477 0.1446236 0.4440971 0.3559899 0.2813406 0.507158 -0.3151609 0.4670588 0.1725173 -0.4904796 -0.3765399 0.08986827 -0.1566542 -0.4271692
0.4109333 0.3736373 -0.4052357 -0.1941895 -0.003608315 0.09087844 0.4462079 -0.3725181 -0.2625164 -0.3568054 0.04580533 0.4145049 0.181177 -0.4959855 0.1453936 0.02362458 0.1055215 0.1739233 -0.1654647 0.4147911 -0.4891059 0.06328595 -0.2916594 -0.002224629 0.0004994618 0.4364812
0.0309664 -0.04830738 0.2350641 -0.3739077 -0.07785176 0.1855318 0.322673 0.2613201 -0.2511425 0.0644849 0.3608835 0.4123774 -0.02259461 -0.4997149 -0.1452013 0.06633659 -0.1634874 0.3657593 -0.1339816 0.3667997 -0.2447229 -0.3934711 -0.2329257 -0.3389606 -0.05152975 0.02697872
-0.2840061 -0.05535873 0.4796088 -0.2288477 0.1479589 0.1272391 0.2809057 0.04015474 -0.3707964 -0.05233278 -0.1162136 -0.27968 0.1957912 0.2795971 -0.403654 0.4488356 0.2237405 -0.3921953 0.259073 0.1776691 -0.3670608 -0.1610125 0.03222842 -0.05471187 -0.2038975 -0.04246736
-0.4019378 0.06874754 0.1952275 -0.1283039 -0.364076 0.05883712 0.1544694 0.428076 -0.08596961 -0.1007653 0.3076056 -0.4389771 0.4221429 -0.3365766 -0.3889378 0.3597854 0.4178087 0.4871413 -0.3036268 -0.4094462 -0.455298 0.06547889 0.2070017 -0.1032267 -0.0647574 -0.2892339
-0.1066797 0.2383239 -0.07725956 0.4040456 0.3961567 0.00354739 0.4725018 -0.2997983 0.01309409 -0.3386672 0.4152418 0.2710368 -0.2312421 0.2605804 0.05538771 0.2638156 -0.2117505 0.2740936 -0.3384109 0.1815692 -0.3359454 0.035171 0.008247887 -0.2608169 -0.04711658 0.06822658
-0.3378921 -0.2616851 -0.1803706 -0.06669252 0.3941621 -0.177772 0.443699 0.4524431 -0.2252256 0.3631777 -0.05290832 0.1166981 -0.04671443 -0.2650282 -0.4247508 0.2688138 0.1220812 0.4251474 -0.4109056 -0.3550297 0.1960661 -0.03198452 0.07880031 -0.212103 -0.1812785 -0.4511706
-0.3321424 0.2716776 -0.489943 0.2844492 -0.2815587 -0.2707551 -0.06322333 -0.2103987 -0.1373072 0.2838801 0.3226409 -0.3668955 -0.1966534 0.09132629 0.3629086 -0.1637344 0.06277722 0.1411182 -0.1804391 0.1464603 -0.2243695 0.4934403 0.1196507 -0.04009148 0.4472705 0.09711425
-0.3053595 -0.2602645 0.4926637 0.2955232 0.1181621 -0.5075805 -0.404001 0.3373166 -0.470979 -0.3075755 0.5115522 -0.07312538 0.1898024 -0.2607147 -0.3407418 -0.4213634 0.4126478 -0.1237745 0.3333132 -0.01853959 0.0901736 -0.07669194 -0.2966615 -0.118946 0.3779486 0.3562646
-0.4865622 0.17395 0.2993663 -0.2953782 -0.344309 0.02991517 0.354936 0.1395246 -0.4462616 -0.3564914 -0.1475617 0.05835486 -0.3776867 0.3034081 -0.4707859 -0.01474166 -0.0614511 0.1905521 -0.1409311 -0.3446019 0.4826241 -0.4774621 -0.0301722 -0.3997844 -0.4251537 -0.2017843
0.09334075 -0.04583303 0.4068621 0.1800866 -0.4681493 0.1049483 0.4116293 0.301288 -0.5016159 -0.0935002 -0.4767685 0.4278312 -0.5008687 -0.1089818 0.0542777 -0.4650385 -0.2778447 -0.4379901 0.3071062 -0.1456134 -0.3334852 -0.4438321 -0.06055979 -0.3075804 -0.4479386 0.06532401
0.4744055 0.196897 0.3791116 0.4850539 -0.3020526 0.1921446 -0.3683186 0.3716405 0.4145133 -0.1018059 0.2347111 -0.09176674 -0.3827678 0.2115668 0.146552 -0.1899911 0.2898422 0.1280682 -0.02234161 0.005513688 0.1570422 0.4349547 0.07736018 0.4587819 0.3168674 -0.05928332
-0.2443247 0.2873947 -0.3928362 -0.0193555 -0.4781184 0.2871171 0.09927735 -0.1091101 0.2602032 -0.3080367 0.3600741 -0.4528706 -0.2817477 -0.1355433 0.3333615 -0.2841541 -0.05069758 -0.4179573 -0.1414759 0.2864084 0.4873021 -0.3396823 0.2565267 0.294028 -0.2174481 0.3860921
0.1228857 0.1035738 0.3886201 -0.4996541 -0.333437 0.4610418 -0.3177087 0.2467001 0.008436458 -0.1421414 0.1717213 -0.09027331 -0.1131036 0.520043 0.2955486 0.2529127 -0.4358417 -0.1169003 -0.03758951 0.2488874 -0.0339289 -0.2797976 0.2654658 -0.02485756 -0.06053025 -0.05151486
0.1490664 -0.5210876 0.03067391 -0.2765869 -0.4588995 -0.2659165 -0.2548995 -0.3141915 -0.5329801 -0.438244 0.0473901 0.1319513 -0.4293921 0.4467312 0.3671385 -0.0934211 0.4119865 -0.01881232 -0.1224165 -0.4187183 0.223066 -0.2199548 -0.5473279 -0.2224213 -0.4656183 -0.3202883
1x26
0.02133286 0.2587468 -0.06878259 0.08975697 0.4316134 -0.1381557 0.01837792 0.3453317 0.1474027 -0.6617709 -0.4641777 -0.3931985 -0.477802 0.007934415 -0.5228131 -0.250483 0.2629226 0.1515003 -0.6678755 -0.08693486 -0.1837387 -0.08447251 0.4776982 0.5329322 -0.4161002 -0.05766609
