25x3
-0.6532043 -0.2505556 0.5598776
0.3539374 -0.7793587 -0.09819094
-0.1150137 -0.5567638 0.19465
-0.7681713 0.2451904 0.1957354
-0.3504393 0.1611246 0.4381288
0.4386499 -0.1114507 -0.4252838
-0.6032777 0.4269892 0.2019392
0.3908107 -0.6010005 -0.2596728
0.138766 0.1919208 0.4451339
0.7438571 -0.7189443 0.3413377
0.3492334 0.5498763 -0.07714314
0.5660043 0.6423765 0.1646105
0.463814 -0.4374268 -0.08115552
-0.04334139 -0.4028125 -0.2168305
0.4424109 -0.3652854 -0.2218857
0.275979 0.1635254 -0.2308107
0.468441 0.3228474 -0.4186161
-0.5956966 -0.5003679 0.5457239
-0.4025472 -0.3416914 -0.359237
0.3216257 -0.3797832 0.1126436
0.02448993 0.00220705 -0.6213203
0.3774314 -0.4578138 0.05334824
-0.3984027 -0.4223018 0.2612317
-0.5772587 0.507054 -0.2860365
0.3978089 0.3966543 0.08526644
25x26
-0.01047292 0.4713548 0.3651372 0.3930041 -0.4785578 0.2352998 0.02946296 -0.4733887 -0.2729558 0.2850141 0.4026958 0.1805924 0.09274093 0.2496895 0.09330042 0.1448065 -0.4406793 -0.183445 0.07279889 0.2060847 0.1080497 -0.2075234 -0.4751003 -0.37565 0.1397576 -0.02846274
-0.1760502 0.06535111 0.1691537 0.3861234 0.2175058 -0.3082986 -0.3042254 -0.331365 0.2228013 -0.2114997 -0.09981454 0.5012149 -0.436792 0.3960671 0.4714234 0.1278167 0.402096 -0.5198921 -0.3887229 0.3646974 0.1578595 -0.04008382 -0.4357795 -0.007135321 0.4359709 0.403861
-0.235246 -0.174867 -0.358362 -0.4276428 0.3967187 0.2427838 -0.3701974 0.1189581 -0.1400881 0.7240797 -0.2300144 -0.2735456 0.5757582 0.2986227 0.07006947 -0.02818111 -0.4387493 -0.2629291 -0.1705052 -0.1736898 -0.2613282 0.2553909 0.2461394 -0.671019 -0.01309628 0.4919166
0.6316993 0.300476 0.4102102 0.5577099 -0.03182907 -0.3135005 -0.315601 0.3146496 0.3417839 -0.4898946 -0.4908312 0.03860853 -0.1636298 0.06044643 0.08509866 -0.09608655 0.02986681 0.6104739 -0.2653786 0.05488399 -0.4223005 -0.1254276 0.01326027 -0.3184666 -0.05222817 0.5689718
-0.4011798 0.1604489 0.152115 0.2090037 -0.03287069 -0.462284 0.2220525 -0.4365812 0.2176238 -0.03028319 0.213952 -0.1838822 0.0792142 -0.4802017 -0.394338 -0.3547519 0.5008969 -0.05991229 -0.1046521 0.03053672 0.3994343 0.3067746 0.0412375 0.3195339 0.4375828 0.2885969
0.2672178 0.4348202 0.2435876 0.1141182 -0.1373088 0.1596432 0.0542127 -0.03449199 -0.3363931 0.0269797 -0.3513773 -0.4698495 0.03774546 -0.4570052 0.2596311 -0.1873733 0.3525667 -0.3259576 0.2811535 -0.1359975 -0.1054273 -0.2344974 -0.04907844 -0.5093881 -0.1573703 0.468607
0.2866639 0.399761 -0.4931101 -0.1840486 -0.3835854 0.3200558 0.2973798 0.1640247 -0.2391609 0.2753584 -0.1879418 -0.4031459 -0.406067 -0.4519134 0.264452 -0.4158965 0.3487933 0.1083629 0.4690374 0.4047655 0.3979998 -0.1394256 0.2675239 0.08839186 0.445077 -0.1185583
-0.4401637 0.1127152 -0.07882466 -0.006988924 -0.009700779 0.2355668 -0.2913061 -0.09093425 0.3721278 0.1578669 -0.04817386 0.3294019 -0.09085718 -0.1282751 -0.1750834 0.3648407 0.2627845 0.4855935 0.5173185 0.2640987 -0.4285473 0.2343723 0.08769581 -0.2162386 -0.1162835 0.3156185
-0.527748 -0.1713683 -0.5745977 -0.08601338 -0.3133229 -0.06636828 -0.06328509 0.1260787 0.2965447 -0.4565882 -0.0469213 0.4436524 -0.286918 -0.02823945 0.3078721 0.2779079 -0.2329569 -0.4854279 -0.0003634519 0.382147 -0.3009172 0.00170296 -0.01683447 -0.3607122 0.2702274 0.3423744
0.07722545 -0.2905271 -0.1787005 -0.1490367 -0.5001503 -0.3998217 -0.3986908 0.1707966 0.163328 0.2785381 -0.2049329 -0.05387639 -0.02301323 -0.440106 0.01329934 0.1610875 0.0933096 -0.393442 0.1042816 -0.4824245 0.2146113 -0.09334679 0.3729744 -0.1682405 0.0289761 -0.09637471
0.1953343 -0.08278524 0.1261042 -0.06496304 0.3575371 -0.4571044 0.3029788 -0.1321704 0.3420262 -0.3530446 -0.08963343 -0.0924885 -0.3095734 -0.3154413 0.1477036 0.1071118 0.4216804 -0.3951389 -0.08520623 0.1916498 0.1784666 0.06607121 -0.01576978 0.05478185 -0.4734248 -0.001604641
-0.05304417 0.08457009 -0.4214478 -0.3167226 -0.1590724 0.4766475 0.3136925 0.07269044 -0.0974168 0.193472 -0.4567379 -0.263144 0.4062039 -0.2385979 0.1629029 -0.3930577 -0.2969097 -0.1375227 -0.2546275 -0.3195983 0.4140846 -0.09824302 -0.1328393 -0.4068671 -0.01800735 0.2779748
0.4474565 0.3396691 0.2321317 -0.3577532 0.4583145 -0.4508798 -0.07487506 -0.1576237 0.1257767 -0.3239726 -0.1677936 0.2499103 0.2942634 -0.116549 0.07842278 0.1046379 0.2714902 0.4599741 0.007269586 0.1689622 -0.3398476 -0.3701721 -0.4848689 0.09467153 -0.07541779 -0.3021432
-0.211901 0.5907851 0.2173043 -0.6086425 -0.4012492 0.5671452 -0.02861083 0.2978435 -0.4635616 0.6493492 0.283345 -0.2451846 0.4238189 0.5327904 0.4947189 0.04774528 0.1472354 -0.03536387 0.3450337 0.198757 0.07701431 0.5049198 0.1215541 -0.3333753 0.08867697 -0.1494699
0.1885198 0.2969219 0.1226547 0.3705979 0.4238697 -0.4127523 0.3239081 0.2818733 0.3006749 0.00567527 0.2567445 0.1432252 0.4387831 -0.2269573 0.3878351 -0.3257602 -0.2676672 0.2898629 0.213035 -0.001639565 -0.3792242 0.06194726 0.446293 0.1890741 0.02212133 0.2476996
0.3091463 0.2630043 0.03752354 0.04839013 -0.1677866 -0.2796363 -0.01132448 0.2606299 -0.01839901 0.3106665 0.5521213 -0.09345196 -0.4338306 0.09173039 -0.06635194 0.4277996 -0.3332707 -0.2067906 0.1958446 -0.4440317 -0.08376666 -0.04758329 0.09053101 -0.1149366 0.03057959 0.5504512
0.01402877 -0.3796394 -0.3055246 0.4110115 0.4173787 0.4474688 -0.2398604 -0.2134097 -0.06609892 0.453256 -0.2211233 -0.173381 -0.1798705 -0.01215465 -0.3521292 -0.316467 0.3720941 -0.4850777 -0.2809437 -0.4044351 0.02705721 -0.3722269 -0.5089596 -0.2434636 -0.07988442 0.09639267
0.3697035 -0.1303313 -0.391021 -0.2751394 -0.2730794 -0.2402799 -0.4582014 -0.1675366 0.2368561 -0.1606336 0.1073073 0.0005238476 0.4785524 -0.4299952 0.4919304 0.3585164 -0.270261 0.05009778 0.2046885 0.4437888 0.4645931 -0.2285394 0.4853951 -0.218796 0.1600799 0.04618561
-0.4415876 -0.1639691 -0.1016079 -0.08416722 -0.4087273 0.4456476 0.06842055 -0.1709864 -0.4408384 0.4298919 -0.3374422 -0.3047817 0.2169117 0.4766643 -0.2743834 0.469601 0.2826696 0.2985544 0.05544305 -0.1598607 -0.4295639 -0.3267736 -0.399796 0.1669133 0.3935947 -0.03122145
0.0674422 -0.09761159 0.1138695 0.1559014 -0.09209776 0.2914732 0.1213761 0.1410556 -0.3253867 0.1591242 0.3918641 -0.2448843 -0.3037484 0.1915205 0.4133075 0.1246553 -0.4988764 -0.4163076 0.2375492 -0.4985186 0.3398648 0.1820858 0.2180009 -0.467744 -0.05587063 -0.3531303
0.288656 -0.2333679 -0.06412019 0.4528005 -0.2009651 0.1926733 0.09170856 0.07106235 -0.08775477 -0.4987555 0.2661049 0.04962028 -0.01303273 -0.2055812 0.06795532 -0.4770733 0.2552097 0.0546135 -0.5146682 -0.1006019 0.04193933 0.3238851 -0.1074589 0.02086268 -0.2636772 -0.3769319
0.5062062 0.4010409 0.1946015 0.3411223 0.2408119 0.1164462 -0.3959028 -0.2648657 -0.4438083 -0.2048339 -0.3521742 -0.2658663 -0.03403724 -0.2678537 0.3029085 0.08540574 -0.2707722 0.3982556 0.4582246 0.09545662 0.01761512 -0.1145211 -0.04518053 0.2564876 0.3727201 -0.3420914
0.4524216 -0.6563109 -0.01267465 0.4677202 0.5039332 -0.5108408 0.3867708 -0.46164 0.2478165 -0.01039782 0.5135776 0.03010492 -0.2564281 -0.427848 -0.2971255 -0.1529752 -0.1901246 -0.1377962 0.3430445 -0.1560151 -0.389717 0.1958 0.1336663 0.6058518 0.1090424 0.01029606
0.02440937 0.1004257 0.02818695 0.1175805 -0.03865288 0.3437883 0.4071533 0.07000183 0.1685585 -0.4075219 0.1125085 -0.2625239 -0.1894259 -0.3253049 0.08164884 -0.2484951 -0.0850385 -0.3820462 0.1150768 0.2164944 -0.03801549 0.3236082 -0.2653629 -0.3205987 -0.4149611 -0.4671525
0.467129 -0.04420503 -0.4157361 -0.395293 -0.1482573 0.140702 -0.2737719 -0.1207864 0.01189897 -0.3812186 0.164315 -0.3544329 -0.2802096 -0.3579933 0.1619114 0.2930725 -0.06823226 -0.2686322 0.2362057 -0.4399129 -0.425306 0.1410421 0.3948007 0.328222 -0.07222982 0.04313809
1x26
-0.2060798 0.7933174 -0.8501672 0.7374569 0.08735661 -0.345665 -0.1481139 -0.1194288 0.6811179 -0.1199599 -0.008535763 -0.1058585 0.308129 1.09017 0.7678048 0.4893205 0.1733109 -0.06310392 -0.1898947 -0.4465338 0.4402591 -0.3733515 -0.8000766 -0.05425304 0.03404191 -0.1973485
